w2:
[52.3777]
[50.56566804]
[48.79517482]
[47.06526889]
[45.37501965]
[43.72351815]
[42.10987609]
[40.53322555]
[38.99271836]
[37.48752608]
[36.01683945]
[34.57986744]
[33.17583699]
[31.80399263]
[30.46359682]
[29.15392855]
[27.8742834]
[26.62397317]
[25.40232535]
[24.20868288]
[23.0424038]
[21.90286076]
[20.78944089]
[19.70154535]
[18.63858897]
[17.60000013]
[16.58522021]
[15.59370336]
[14.62491618]
[13.67833762]
[12.7534586]
[11.8497817]
[10.96682103]
[10.10410168]
[9.26115956]
[8.4375412]
[7.63280361]
[6.84651399]
[6.0782495]
[5.32759692]
[4.5941525]
[3.87752174]
[3.17731919]
[2.49316826]
[1.82470097]
[1.17155779]
[0.53338743]
[-1.42729543e-08]
[4.25109693e+228]
[1.81596891e-152]
infodict:
hu: [1.65638479e-001 1.65638479e-001 3.31276959e-001 3.31276959e-001
 3.31276959e-001 3.31276959e-001 1.14629167e+000 1.14629167e+000
 1.14629167e+000 1.14629167e+000 1.14629167e+000 1.14629167e+000
 1.14629167e+000 1.14629167e+000 1.14629167e+000 1.14629167e+000
 1.14629167e+000 1.14629167e+000 1.14629167e+000 1.14629167e+000
 1.14629167e+000 1.14629167e+000 1.14629167e+000 1.67988543e+000
 1.67988543e+000 1.67988543e+000 1.67988543e+000 1.67988543e+000
 1.67988543e+000 1.67988543e+000 1.67988543e+000 1.25826401e+000
 1.25826401e+000 1.25826401e+000 1.25826401e+000 1.25826401e+000
 1.25826401e+000 1.25826401e+000 1.25826401e+000 1.25826401e+000
 1.25826401e+000 1.25826401e+000 1.25826401e+000 1.25826401e+000
 3.14566002e-001 3.14566002e-001 1.24049140e-008 7.00786647e-308
 0.00000000e+000]
tcur: [5.52991045e-001 8.84268003e-001 1.38118344e+000 1.71246040e+000
 2.04373736e+000 2.70629128e+000 3.85258295e+000 3.85258295e+000
 3.85258295e+000 4.99887462e+000 4.99887462e+000 4.99887462e+000
 6.14516629e+000 6.14516629e+000 6.14516629e+000 7.29145796e+000
 7.29145796e+000 8.43774963e+000 8.43774963e+000 8.43774963e+000
 9.58404131e+000 9.58404131e+000 9.58404131e+000 1.12639267e+001
 1.12639267e+001 1.12639267e+001 1.12639267e+001 1.29438122e+001
 1.29438122e+001 1.29438122e+001 1.29438122e+001 1.42020762e+001
 1.42020762e+001 1.42020762e+001 1.54603402e+001 1.54603402e+001
 1.54603402e+001 1.67186042e+001 1.67186042e+001 1.67186042e+001
 1.79768682e+001 1.79768682e+001 1.79768682e+001 1.79768682e+001
 1.86060002e+001 1.89205662e+001 1.91240774e+001 2.68248436e-260
 3.33096541e-028]
tolsf: [3.66069538e-304 3.66069538e-304 3.66069538e-304 3.66069538e-304
 3.66069538e-304 3.66069538e-304 3.66069538e-304 3.66069538e-304
 3.66069538e-304 3.66069538e-304 3.66069538e-304 3.66069538e-304
 3.66069538e-304 3.66069538e-304 3.66069538e-304 3.66069538e-304
 3.66069538e-304 3.66069538e-304 3.66069538e-304 3.66069538e-304
 3.66069538e-304 3.66069538e-304 3.66069538e-304 3.66069538e-304
 3.66069538e-304 3.66069538e-304 3.66069538e-304 3.66069538e-304
 3.66069538e-304 3.66069538e-304 3.66069538e-304 3.66069538e-304
 3.66069538e-304 3.66069538e-304 3.66069538e-304 3.66069538e-304
 3.66069538e-304 3.66069538e-304 3.66069538e-304 3.66069538e-304
 3.66069538e-304 3.66069538e-304 3.66069538e-304 3.66069538e-304
 3.66069538e-304 3.66069538e-304 3.66069538e-304 1.76137178e-312
 0.00000000e+000]
tsw: [0.00000000e+000 0.00000000e+000 0.00000000e+000 0.00000000e+000
 0.00000000e+000 0.00000000e+000 0.00000000e+000 0.00000000e+000
 0.00000000e+000 0.00000000e+000 0.00000000e+000 0.00000000e+000
 0.00000000e+000 0.00000000e+000 0.00000000e+000 0.00000000e+000
 0.00000000e+000 0.00000000e+000 0.00000000e+000 0.00000000e+000
 0.00000000e+000 0.00000000e+000 0.00000000e+000 0.00000000e+000
 0.00000000e+000 0.00000000e+000 0.00000000e+000 0.00000000e+000
 0.00000000e+000 0.00000000e+000 0.00000000e+000 0.00000000e+000
 0.00000000e+000 0.00000000e+000 0.00000000e+000 0.00000000e+000
 0.00000000e+000 0.00000000e+000 0.00000000e+000 0.00000000e+000
 0.00000000e+000 0.00000000e+000 0.00000000e+000 0.00000000e+000
 0.00000000e+000 0.00000000e+000 0.00000000e+000 4.23675303e-307
 7.43220100e+294]
nst: [      7       9      11      12      13      15      16      16      16
      17      17      17      18      18      18      19      19      20
      20      20      21      21      21      22      22      22      22
      23      23      23      23      24      24      24      25      25
      25      26      26      26      27      27      27      27      29
      30     530 7340078     121]
nfe: [     19      23      27      29      31      35      37      37      37
      39      39      39      41      41      41      43      43      45
      45      45      47      47      47      49      49      49      49
      51      51      51      51      55      55      55      57      57
      57      59      59      59      61      61      61      61      68
      70    1107     121 7929856]
nje: [      0       0       0       0       0       0       0       0       0
       0       0       0       0       0       0       0       0       0
       0       0       0       0       0       0       0       0       0
       0       0       0       0       0       0       0       0       0
       0       0       0       0       0       0       0       0       0
       0       0 3342452     100]
nqu: [      3       3       4       4       4       4       5       5       5
       5       5       5       5       5       5       5       5       5
       5       5       5       5       5       6       6       6       6
       6       6       6       6       6       6       6       6       6
       6       6       6       6       6       6       6       6       6
       6       5 6881396 7209071]
imxer: -1
lenrw: 36
leniw: 21
mused: [      1       1       1       1       1       1       1       1       1
       1       1       1       1       1       1       1       1       1
       1       1       1       1       1       1       1       1       1
       1       1       1       1       1       1       1       1       1
       1       1       1       1       1       1       1       1       1
       1       1 6881396 7209071]
message: Excess work done on this call (perhaps wrong Dfun type).
